%YAML:1.0
---
model_type: PINHOLE
camera_name: camera
image_width: 1241
image_height: 376
distortion_parameters:
   k1: 0.0
   k2: 0.0
   p1: 0.0
   p2: 0.0

projection_parameters:
   fx: 7.188560000000e+02
   fy: 7.188560000000e+02
   cx: 6.071928000000e+02
   cy: 1.852157000000e+02


# EuRoC
# Camera2.fx: 457.587
# Camera2.fy: 456.134
# Camera2.cx: 379.999
# Camera2.cy: 255.238

# Camera2.k1: -0.28368365
# Camera2.k2: 0.07451284
# Camera2.p1: -0.00010473
# Camera2.p2: -3.55590700e-05