%YAML:1.0
---
model_type: PINHOLE
camera_name: camera
image_width: 640
image_height: 512
distortion_parameters:
   k1: -2.7016022683979296e-01
   k2: 5.218457475180764e-02
   p1: -6.521806661402896e-05
   p2: 1.993373196768743e-03
  
projection_parameters:
   fx: 3.343274139776214e+02
   fy: 3.3368175065312107e+02
   cx: 3.1079879071103073e+02
   cy: 2.539126423322416e+02
