%YAML:1.0
---
model_type: PINHOLE
camera_name: camera
image_width: 640
image_height: 512
distortion_parameters:
   k1: -2.678098203352293e-01
   k2: 5.1060902596077345e-02
   p1: -3.198594818322252e-04
   p2: 1.6619812677216e-03

projection_parameters:
   fx: 3.3463591614166484e+02
   fy: 3.342293531510975e+02
   cx: 3.110098093849433e+02
   cy: 2.5635604422660737e+02
