%YAML:1.0

#common parameters
imu: 1
num_of_cam: 2  

imu_topic: "/imu/data"
image0_topic: "/cam0/image_raw"
image1_topic: "/cam1/image_raw"

cam0_calib: "camLeftResize.yaml"
cam1_calib: "camRightResize.yaml"
image_width: 640
image_height: 512

# Extrinsic parameter between IMU and Camera.
estimate_extrinsic: 0   # 0  Have an accurate extrinsic parameters. We will trust the following imu^R_cam, imu^T_cam, don't change it.
                        # 1  Have an initial guess about extrinsic parameters. We will optimize around your initial guess.

imu_T_body: !!opencv-matrix
   rows: 4
   cols: 4
   dt: d
   data: [1, 0, 0, 0,
          0, 1, 0, 0,
          0, 0, 1, 0,
          0, 0, 0, 1]

body_T_cam0: !!opencv-matrix
   rows: 4
   cols: 4
   dt: d
   data: [0.0002985409478147572, -0.005817794454099003, -0.9999830319265373, -0.03291596400931313, 
          0.9999591894364118, -0.009027525799002126, 0.00035105501044529905, -0.0526272786674419, 
         -0.00902941498517402, -0.9999423268597223, 0.005814861940520048, -0.04302626769394006, 
          0.0, 0.0, 0.0, 1.0]

body_T_cam1: !!opencv-matrix
   rows: 4
   cols: 4
   dt: d
   data: [-0.005731104256056941, -0.0029751144045880766, -0.9999791513518097, -0.032343388625117375, 
           0.9998930436254927, -0.013472906803824817, -0.005690526478604682, 0.048510620702249804, 
          -0.013455695944634551, -0.9999048102077193, 0.003052010830662431, -0.04411980474738134, 
           0.0, 0.0, 0.0, 1.0]

#Multiple thread support
multiple_thread: 0

#feature traker paprameters
max_cnt: 200            # max feature number in feature tracking
min_dist: 20            # min distance between two features (default: 30)
freq: 0                 # frequence (Hz) of publish tracking result. At least 10Hz for good estimation. If set 0, the frequence will be same as raw image 
F_threshold: 1.0        # ransac threshold (pixel)
show_track: 1           # publish tracking image as topic
flow_back: 1            # perform forward and backward optical flow to improve feature tracking accuracy
stereoKernelShiftY: 0.0

#optimization parameters
max_solver_time: 0.04  # max solver itration time (ms), to guarantee real time
max_num_iterations: 8   # max solver itrations, to guarantee real time
keyframe_parallax: 10.0 # keyframe selection threshold (pixel)

#imu parameters       The more accurate parameters you provide, the better performance
acc_n: 0.2          # accelerometer measurement noise standard deviation.
gyr_n: 0.005         # gyroscope measurement noise standard deviation
acc_w: 0.005         # accelerometer bias random work noise standard deviation.
gyr_w: 5.0e-5       # gyroscope bias random work noise standard deviation.
g_norm: 9.81007     # gravity magnitude



#unsynchronization parameters
estimate_td: 0                      # online estimate time offset between camera and imu
td: 0.0                             # initial value of time offset. unit: s. readed image clock + td = real image clock (IMU clock)

